# The power spectrum definition is smaller than CAMB by a factor 8 pi^3.
#      k [h/Mpc]           P_cdm          P_vcdm           P_bar          P_vbar         P_total        P_vtotal
      1.0529e-05     1.87162e-05     1.85462e-05     1.87162e-05     1.85462e-05     1.87162e-05     1.85462e-05
     1.11338e-05     1.97538e-05     1.95744e-05     1.97538e-05     1.95744e-05     1.97538e-05     1.95744e-05
     1.17734e-05      2.0849e-05     2.06596e-05      2.0849e-05     2.06596e-05      2.0849e-05     2.06596e-05
     1.24497e-05     2.20049e-05      2.1805e-05     2.20049e-05      2.1805e-05     2.20049e-05      2.1805e-05
     1.31648e-05     2.32248e-05     2.30138e-05     2.32248e-05     2.30138e-05     2.32248e-05     2.30138e-05
     1.39211e-05     2.45124e-05     2.42897e-05     2.45124e-05     2.42897e-05     2.45124e-05     2.42897e-05
     1.47207e-05     2.58714e-05     2.56364e-05     2.58714e-05     2.56364e-05     2.58714e-05     2.56364e-05
     1.55664e-05     2.73057e-05     2.70577e-05     2.73057e-05     2.70577e-05     2.73057e-05     2.70577e-05
     1.64605e-05     2.88196e-05     2.85578e-05     2.88196e-05     2.85578e-05     2.88196e-05     2.85578e-05
     1.74061e-05     3.04173e-05      3.0141e-05     3.04173e-05      3.0141e-05     3.04173e-05      3.0141e-05
      1.8406e-05     3.21037e-05      3.1812e-05     3.21037e-05      3.1812e-05     3.21037e-05      3.1812e-05
     1.94633e-05     3.38835e-05     3.35757e-05     3.38835e-05     3.35757e-05     3.38835e-05     3.35757e-05
     2.05813e-05      3.5762e-05     3.54371e-05      3.5762e-05     3.54371e-05     3.57621e-05     3.54371e-05
     2.17636e-05     3.77447e-05     3.74018e-05     3.77447e-05     3.74018e-05     3.77447e-05     3.74018e-05
     2.30138e-05     3.98373e-05     3.94753e-05     3.98373e-05     3.94753e-05     3.98373e-05     3.94753e-05
     2.43358e-05     4.20459e-05     4.16638e-05     4.20459e-05     4.16638e-05     4.20459e-05     4.16638e-05
     2.57337e-05     4.43769e-05     4.39737e-05     4.43769e-05     4.39737e-05     4.43769e-05     4.39737e-05
      2.7212e-05     4.68372e-05     4.64116e-05     4.68372e-05     4.64116e-05     4.68372e-05     4.64116e-05
     2.87751e-05     4.94338e-05     4.89847e-05     4.94338e-05     4.89847e-05     4.94338e-05     4.89847e-05
     3.04281e-05     5.21744e-05     5.17004e-05     5.21744e-05     5.17004e-05     5.21744e-05     5.17004e-05
      3.2176e-05      5.5067e-05     5.45667e-05      5.5067e-05     5.45667e-05      5.5067e-05     5.45667e-05
     3.40243e-05     5.81199e-05     5.75918e-05     5.81199e-05     5.75918e-05     5.81199e-05     5.75918e-05
     3.59788e-05      6.1342e-05     6.07847e-05      6.1342e-05     6.07847e-05     6.13421e-05     6.07847e-05
     3.80455e-05     6.47428e-05     6.41546e-05     6.47428e-05     6.41546e-05     6.47429e-05     6.41546e-05
      4.0231e-05     6.83321e-05     6.77113e-05     6.83321e-05     6.77113e-05     6.83322e-05     6.77113e-05
      4.2542e-05     7.21204e-05     7.14652e-05     7.21204e-05     7.14652e-05     7.21205e-05     7.14652e-05
     4.49858e-05     7.61187e-05     7.54272e-05     7.61187e-05     7.54272e-05     7.61188e-05     7.54272e-05
       4.757e-05     8.03387e-05     7.96088e-05     8.03387e-05     7.96088e-05     8.03388e-05     7.96088e-05
     5.03025e-05     8.47926e-05     8.40223e-05     8.47926e-05     8.40223e-05     8.47927e-05     8.40223e-05
     5.31921e-05     8.94934e-05     8.86804e-05     8.94934e-05     8.86804e-05     8.94936e-05     8.86804e-05
     5.62477e-05     9.44548e-05     9.35968e-05     9.44548e-05     9.35968e-05      9.4455e-05     9.35968e-05
     5.94788e-05     9.96913e-05     9.87856e-05     9.96913e-05     9.87856e-05     9.96915e-05     9.87856e-05
     6.28954e-05     0.000105218     0.000104262     0.000105218     0.000104262     0.000105218     0.000104262
     6.65084e-05     0.000111051     0.000110042     0.000111051     0.000110042     0.000111051     0.000110042
     7.03289e-05     0.000117208     0.000116143     0.000117208     0.000116143     0.000117208     0.000116143
     7.43688e-05     0.000123705     0.000122582     0.000123705     0.000122582     0.000123706     0.000122582
     7.86409e-05     0.000130563     0.000129377     0.000130563     0.000129377     0.000130564     0.000129377
     8.31583e-05     0.000137801     0.000136549     0.000137801     0.000136549     0.000137802     0.000136549
     8.79352e-05      0.00014544     0.000144119      0.00014544     0.000144119     0.000145441     0.000144119
     9.29866e-05     0.000153503     0.000152109     0.000153503     0.000152109     0.000153504     0.000152109
     9.83281e-05     0.000162012     0.000160541     0.000162012     0.000160541     0.000162013     0.000160541
     0.000103976     0.000170993     0.000169441     0.000170993     0.000169441     0.000170995     0.000169441
     0.000109949     0.000180472     0.000178834     0.000180472     0.000178834     0.000180474     0.000178834
     0.000116265     0.000190476     0.000188747     0.000190476     0.000188747     0.000190478     0.000188747
     0.000122944     0.000201035      0.00019921     0.000201035      0.00019921     0.000201037      0.00019921
     0.000130006     0.000212179     0.000210252     0.000212179     0.000210252     0.000212181     0.000210252
     0.000137474      0.00022394     0.000221907      0.00022394     0.000221907     0.000223942     0.000221907
     0.000145371     0.000236352     0.000234207     0.000236352     0.000234207     0.000236355     0.000234207
     0.000153722     0.000249453     0.000247189     0.000249453     0.000247189     0.000249457     0.000247189
     0.000162552     0.000263279      0.00026089     0.000263279      0.00026089     0.000263283      0.00026089
      0.00017189     0.000277871     0.000275351     0.000277871     0.000275351     0.000277876     0.000275351
     0.000181764     0.000293271     0.000290612     0.000293271     0.000290612     0.000293277     0.000290612
     0.000192205     0.000309525     0.000306718     0.000309525     0.000306718     0.000309532     0.000306718
     0.000203246     0.000326678     0.000323717     0.000326678     0.000323717     0.000326686     0.000323717
     0.000214921     0.000344781     0.000341656     0.000344781     0.000341656     0.000344791     0.000341656
     0.000227267     0.000363886     0.000360589     0.000363886     0.000360589     0.000363898     0.000360589
     0.000240322     0.000384049      0.00038057     0.000384049      0.00038057     0.000384062      0.00038057
     0.000254127     0.000405327     0.000401657     0.000405327     0.000401657     0.000405343     0.000401657
     0.000268725     0.000427782     0.000423911     0.000427782     0.000423911     0.000427802     0.000423911
     0.000284162      0.00045148     0.000447396      0.00045148     0.000447396     0.000451503     0.000447396
     0.000300485     0.000476488      0.00047218     0.000476488      0.00047218     0.000476515      0.00047218
     0.000317746     0.000502879     0.000498335     0.000502879     0.000498335     0.000502911     0.000498335
     0.000335999     0.000530728     0.000525936     0.000530728     0.000525936     0.000530765     0.000525936
       0.0003553     0.000560115     0.000555061     0.000560115     0.000555061      0.00056016     0.000555061
      0.00037571     0.000591125     0.000585796     0.000591125     0.000585796     0.000591178     0.000585796
     0.000397292     0.000623847     0.000618228     0.000623847     0.000618228     0.000623908     0.000618228
     0.000420114     0.000658373     0.000652449     0.000658373     0.000652449     0.000658446     0.000652449
     0.000444247     0.000694803     0.000688559     0.000694803     0.000688559     0.000694889     0.000688559
     0.000469766      0.00073324     0.000726659      0.00073324     0.000726659     0.000733341     0.000726659
     0.000496751     0.000773792     0.000766857     0.000773792     0.000766857     0.000773912     0.000766857
     0.000525287     0.000816576     0.000809269     0.000816576     0.000809269     0.000816717     0.000809269
     0.000555461      0.00086171     0.000854014      0.00086171     0.000854014     0.000861877     0.000854014
     0.000587369     0.000909322     0.000901217     0.000909322     0.000901217     0.000909519     0.000901217
     0.000621109     0.000959545     0.000951011     0.000959545     0.000951011     0.000959777     0.000951011
     0.000656788      0.00101252      0.00100354      0.00101252      0.00100354      0.00101279      0.00100354
     0.000694517      0.00106839      0.00105894      0.00106839      0.00105894      0.00106871      0.00105894
     0.000734412      0.00112731      0.00111737      0.00112731      0.00111737      0.00112769      0.00111737
       0.0007766      0.00118943      0.00117899      0.00118943      0.00117899      0.00118989      0.00117899
     0.000821211      0.00125494      0.00124396      0.00125494      0.00124396      0.00125547      0.00124396
     0.000868384        0.001324      0.00131247        0.001324      0.00131247      0.00132463      0.00131247
     0.000918267       0.0013968       0.0013847       0.0013968       0.0013847      0.00139754       0.0013847
     0.000971016      0.00147353      0.00146083      0.00147353      0.00146083       0.0014744      0.00146083
       0.0010268      0.00155438      0.00154107      0.00155438      0.00154107      0.00155541      0.00154107
      0.00108578      0.00163956      0.00162562      0.00163956      0.00162562      0.00164078      0.00162562
      0.00114815      0.00172929      0.00171471      0.00172929      0.00171471      0.00173072      0.00171471
       0.0012141      0.00182378      0.00180855      0.00182378      0.00180855      0.00182548      0.00180855
      0.00128385      0.00192327      0.00190737      0.00192327      0.00190737      0.00192527      0.00190737
      0.00135759      0.00202798      0.00201141      0.00202798      0.00201141      0.00203034      0.00201141
      0.00143558      0.00213816      0.00212091      0.00213816      0.00212091      0.00214094      0.00212091
      0.00151805      0.00225405      0.00223613      0.00225405      0.00223613      0.00225732      0.00223613
      0.00160525      0.00237589      0.00235732      0.00237589      0.00235732      0.00237975      0.00235732
      0.00169746      0.00250393      0.00248473      0.00250393      0.00248473      0.00250849      0.00248473
      0.00179497      0.00263842      0.00261863      0.00263842      0.00261863      0.00264379      0.00261863
      0.00189808      0.00277961      0.00275927      0.00277961      0.00275927      0.00278594      0.00275927
      0.00200711      0.00292773       0.0029069      0.00292773       0.0029069      0.00293519       0.0029069
      0.00212241      0.00308302      0.00306178      0.00308302      0.00306178      0.00309181      0.00306178
      0.00224433      0.00324568      0.00322415      0.00324568      0.00322415      0.00325604      0.00322415
      0.00237325      0.00341593      0.00339423      0.00341593      0.00339423      0.00342813      0.00339423
      0.00250958      0.00359394      0.00357224      0.00359394      0.00357224      0.00360831      0.00357224
      0.00265374      0.00377986      0.00375834      0.00377986      0.00375834      0.00379678      0.00375834
      0.00280618       0.0039738      0.00395271       0.0039738      0.00395271      0.00399371      0.00395271
      0.00296737      0.00417583      0.00415545      0.00417583      0.00415545      0.00419926      0.00415545
      0.00313783      0.00438597      0.00436663      0.00438597      0.00436663      0.00441353      0.00436663
      0.00331808      0.00460416      0.00458627      0.00460416      0.00458627      0.00463656      0.00458627
      0.00350868      0.00483029      0.00481431      0.00483029      0.00481431      0.00486836      0.00481431
      0.00371024      0.00506413      0.00505062      0.00506413      0.00505062      0.00510886      0.00505062
      0.00392337      0.00530538      0.00529497      0.00530538      0.00529497       0.0053579      0.00529497
      0.00414874      0.00555361      0.00554703      0.00555361      0.00554703      0.00561524      0.00554703
      0.00438706      0.00580826      0.00580635      0.00580826      0.00580635      0.00588054      0.00580635
      0.00463907      0.00606862      0.00607236      0.00606862      0.00607236      0.00615333      0.00607236
      0.00490555      0.00633384      0.00634432      0.00633384      0.00634432      0.00643304      0.00634432
      0.00518735      0.00660286      0.00662134      0.00660286      0.00662134      0.00671894      0.00662134
      0.00548533      0.00687448      0.00690237      0.00687448      0.00690237      0.00701018      0.00690237
      0.00580042      0.00714726      0.00718616      0.00714726      0.00718616      0.00730574      0.00718616
      0.00613362      0.00741957       0.0074713      0.00741957       0.0074713      0.00760446       0.0074713
      0.00648596      0.00768959      0.00775617      0.00768959      0.00775617      0.00790503      0.00775617
      0.00685854      0.00795526      0.00803902      0.00795526      0.00803902      0.00820597      0.00803902
      0.00725252      0.00821433      0.00831789      0.00821433      0.00831789      0.00850569      0.00831789
      0.00766913      0.00846434      0.00859073      0.00846434      0.00859073      0.00880244      0.00859073
      0.00810968      0.00870269      0.00885537      0.00870269      0.00885537      0.00909437      0.00885537
      0.00857553      0.00892656      0.00910956      0.00892656      0.00910956      0.00937953      0.00910956
      0.00906814      0.00913302      0.00935106      0.00913302      0.00935106      0.00965589      0.00935106
      0.00958905      0.00931901      0.00957761      0.00931901      0.00957761      0.00992133      0.00957761
       0.0101399      0.00948136      0.00978704      0.00948136      0.00978704       0.0101737      0.00978704
       0.0107224      0.00961683      0.00997724      0.00961683      0.00997724       0.0104108      0.00997724
       0.0113383      0.00972209       0.0101462      0.00972209       0.0101462       0.0106303       0.0101462
       0.0119896       0.0097938       0.0102918       0.0097938       0.0102918       0.0108298       0.0102918
       0.0126783      0.00982855       0.0104123      0.00982855       0.0104123       0.0110069       0.0104123
       0.0134066      0.00982304       0.0105055      0.00982304       0.0105055        0.011159       0.0105055
       0.0141767      0.00977401       0.0105692      0.00977401       0.0105692       0.0112834       0.0105692
       0.0149911      0.00967848       0.0106011      0.00967848       0.0106011       0.0113773       0.0106011
       0.0158523      0.00953383       0.0105988      0.00953383       0.0105988       0.0114381       0.0105988
       0.0167629      0.00933805       0.0105596      0.00933805       0.0105596       0.0114629       0.0105596
       0.0177258         0.00909       0.0104812         0.00909       0.0104812       0.0114494       0.0104812
        0.018744       0.0087896       0.0103616       0.0087896       0.0103616       0.0113953       0.0103616
       0.0198208      0.00843821       0.0101998      0.00843821       0.0101998        0.011299       0.0101998
       0.0209593      0.00803857      0.00999541      0.00803857      0.00999541       0.0111593      0.00999541
       0.0221633      0.00759538      0.00974959      0.00759538      0.00974959        0.010976      0.00974959
       0.0234365      0.00711497       0.0094644      0.00711497       0.0094644       0.0107496       0.0094644
       0.0247827      0.00660563      0.00914307      0.00660563      0.00914307       0.0104814      0.00914307
       0.0262064      0.00607727      0.00878987      0.00607727      0.00878987        0.010174      0.00878987
       0.0277118      0.00554155      0.00841038      0.00554155      0.00841038      0.00983122      0.00841038
       0.0293036      0.00501111      0.00801143      0.00501111      0.00801143      0.00945804      0.00801143
       0.0309869      0.00449918      0.00760113      0.00449918      0.00760113      0.00906079      0.00760113
       0.0327669      0.00401884      0.00718866      0.00401884      0.00718866      0.00864692      0.00718866
       0.0346492      0.00358232       0.0067838      0.00358232       0.0067838      0.00822485       0.0067838
       0.0366396      0.00319997       0.0063962      0.00319997       0.0063962      0.00780345       0.0063962
       0.0387443      0.00288002        0.006035      0.00288002        0.006035      0.00739173        0.006035
       0.0409699      0.00262846      0.00570843      0.00262846      0.00570843      0.00699843      0.00570843
       0.0433234      0.00244856      0.00542284      0.00244856      0.00542284      0.00663109      0.00542284
        0.045812      0.00234128      0.00518221      0.00234128      0.00518221      0.00629558      0.00518221
       0.0484437      0.00230509      0.00498739      0.00230509      0.00498739      0.00599533      0.00498739
       0.0512264      0.00233513      0.00483526      0.00233513      0.00483526      0.00573077      0.00483526
       0.0541691      0.00242152      0.00471845      0.00242152      0.00471845      0.00549872      0.00471845
       0.0572808      0.00254688      0.00462477      0.00254688      0.00462477      0.00529218      0.00462477
       0.0605712      0.00268375      0.00453347      0.00268375      0.00453347      0.00510001      0.00453347
       0.0640506        0.002795      0.00442479        0.002795      0.00442479      0.00490814      0.00442479
       0.0677299      0.00283786      0.00427647      0.00283786      0.00427647      0.00470121      0.00427647
       0.0716206      0.00277449      0.00407058      0.00277449      0.00407058      0.00446543      0.00407058
       0.0757348      0.00258575      0.00379912      0.00258575      0.00379912      0.00419227      0.00379912
       0.0800852      0.00228348      0.00346901      0.00228348      0.00346901      0.00388196      0.00346901
       0.0846856      0.00191263      0.00310341      0.00191263      0.00310341      0.00354546      0.00310341
       0.0895503      0.00153889      0.00273773      0.00153889      0.00273773      0.00320345      0.00273773
       0.0946944       0.0012259      0.00241059       0.0012259      0.00241059      0.00288185      0.00241059
        0.100134       0.0010151      0.00215298       0.0010151      0.00215298      0.00260467      0.00215298
        0.105886     0.000919536      0.00197945     0.000919536      0.00197945      0.00238665      0.00197945
        0.111969     0.000928468      0.00188341     0.000928468      0.00188341      0.00222785      0.00188341
        0.118401      0.00100767       0.0018362      0.00100767       0.0018362       0.0021119       0.0018362
        0.125202      0.00109307      0.00179179      0.00109307      0.00179179      0.00200925      0.00179179
        0.132394      0.00110409      0.00170278      0.00110409      0.00170278      0.00188763      0.00170278
        0.139999     0.000994717      0.00154694     0.000994717      0.00154694      0.00172867      0.00154694
        0.148041     0.000800102      0.00134579     0.000800102      0.00134579      0.00154096      0.00134579
        0.156545     0.000611996       0.0011525     0.000611996       0.0011525      0.00135616       0.0011525
        0.165538     0.000503279      0.00101506     0.000503279      0.00101506      0.00120793      0.00101506
        0.175047     0.000487284     0.000945058     0.000487284     0.000945058      0.00110853     0.000945058
        0.185102     0.000522766     0.000911475     0.000522766     0.000911475      0.00104035     0.000911475
        0.195735     0.000532546     0.000862682     0.000532546     0.000862682      0.00096939     0.000862682
        0.206979     0.000466247     0.000769929     0.000466247     0.000769929     0.000873359     0.000769929
        0.218869      0.00036662     0.000660952      0.00036662     0.000660952     0.000767191     0.000660952
        0.231441     0.000305554     0.000580689     0.000305554     0.000580689     0.000680303     0.000580689
        0.244736     0.000298124     0.000539145     0.000298124     0.000539145     0.000622262     0.000539145
        0.258795      0.00029853     0.000504759      0.00029853     0.000504759      0.00057363     0.000504759
        0.273661     0.000263171     0.000450224     0.000263171     0.000450224     0.000514653     0.000450224
        0.289381     0.000215713     0.000391003     0.000215713     0.000391003     0.000453252     0.000391003
        0.306004     0.000194853     0.000351978     0.000194853     0.000351978     0.000406715     0.000351978
        0.323582     0.000186974     0.000323444     0.000186974     0.000323444     0.000369875     0.000323444
         0.34217     0.000164717     0.000287651     0.000164717     0.000287651     0.000330231     0.000287651
        0.361826     0.000141316     0.000253375     0.000141316     0.000253375     0.000292557     0.000253375
         0.38261     0.000130044     0.000228847     0.000130044     0.000228847     0.000262836     0.000228847
        0.404589     0.000116916     0.000204678     0.000116916     0.000204678     0.000234972     0.000204678
         0.42783     0.000101921     0.000180972     0.000101921     0.000180972      0.00020843     0.000180972
        0.452406     9.20488e-05      0.00016196     9.20488e-05      0.00016196     0.000186061      0.00016196
        0.478394     8.17183e-05     0.000143953     8.17183e-05     0.000143953     0.000165482     0.000143953
        0.505875     7.23018e-05     0.000127714     7.23018e-05     0.000127714     0.000146873     0.000127714
        0.534934     6.45352e-05     0.000113602     6.45352e-05     0.000113602     0.000130546     0.000113602
        0.565663     5.70092e-05     0.000100609     5.70092e-05     0.000100609     0.000115682     0.000100609
        0.598157     5.06558e-05     8.92424e-05     5.06558e-05     8.92424e-05     0.000102567     8.92424e-05
        0.632517     4.47808e-05     7.89686e-05     4.47808e-05     7.89686e-05     9.07798e-05     7.89686e-05
        0.668851     3.96526e-05     6.98807e-05     3.96526e-05     6.98807e-05     8.03192e-05     6.98807e-05
        0.707273     3.50351e-05     6.17593e-05     3.50351e-05     6.17593e-05     7.09881e-05     6.17593e-05
        0.747901     3.09498e-05     5.45493e-05     3.09498e-05     5.45493e-05     6.26979e-05     5.45493e-05
        0.790863     2.73155e-05     4.81422e-05     2.73155e-05     4.81422e-05     5.53325e-05     4.81422e-05
        0.836294     2.40883e-05     4.24539e-05     2.40883e-05     4.24539e-05      4.8794e-05     4.24539e-05
        0.884333     2.12274e-05       3.741e-05     2.12274e-05       3.741e-05      4.2996e-05       3.741e-05
        0.935133     1.86926e-05     3.29416e-05     1.86926e-05     3.29416e-05     3.78598e-05     3.29416e-05
        0.988851     1.64491e-05     2.89871e-05     1.64491e-05     2.89871e-05     3.33143e-05     2.89871e-05
         1.04565     1.44648e-05     2.54896e-05     1.44648e-05     2.54896e-05     2.92944e-05     2.54896e-05
         1.10572      1.2711e-05     2.23986e-05      1.2711e-05     2.23986e-05     2.57417e-05     2.23986e-05
         1.16924      1.1163e-05     1.96702e-05      1.1163e-05     1.96702e-05     2.26057e-05     1.96702e-05
          1.2364     9.79711e-06      1.7263e-05     9.79711e-06      1.7263e-05      1.9839e-05      1.7263e-05
         1.30743     8.59303e-06      1.5141e-05     8.59303e-06      1.5141e-05     1.74002e-05      1.5141e-05
         1.38253     7.53231e-06     1.32717e-05     7.53231e-06     1.32717e-05     1.52518e-05     1.32717e-05
         1.46195     6.59866e-06     1.16264e-05     6.59866e-06     1.16264e-05     1.33609e-05     1.16264e-05
         1.54593     5.77742e-06     1.01792e-05     5.77742e-06     1.01792e-05     1.16977e-05     1.01792e-05
         1.63473     5.05541e-06     8.90689e-06     5.05541e-06     8.90689e-06     1.02355e-05     8.90689e-06
         1.72864     4.42123e-06      7.7894e-06     4.42123e-06      7.7894e-06     8.95124e-06      7.7894e-06
         1.82794     3.86442e-06     6.80828e-06     3.86442e-06     6.80828e-06     7.82372e-06     6.80828e-06
         1.93294     3.37593e-06     5.94755e-06     3.37593e-06     5.94755e-06     6.83457e-06     5.94755e-06
         2.04397      2.9476e-06     5.19285e-06      2.9476e-06     5.19285e-06     5.96726e-06     5.19285e-06
         2.16139     2.57224e-06     4.53149e-06     2.57224e-06     4.53149e-06     5.20725e-06     4.53149e-06
         2.28555      2.2435e-06     3.95228e-06      2.2435e-06     3.95228e-06     4.54163e-06     3.95228e-06
         2.41684     1.95573e-06     3.44527e-06     1.95573e-06     3.44527e-06     3.95899e-06     3.44527e-06
         2.55567     1.70396e-06     3.00169e-06     1.70396e-06     3.00169e-06     3.44925e-06     3.00169e-06
         2.70248     1.48379e-06     2.61379e-06     1.48379e-06     2.61379e-06      3.0035e-06     2.61379e-06
         2.85772     1.29134e-06     2.27474e-06     1.29134e-06     2.27474e-06     2.61388e-06     2.27474e-06
         3.02187      1.1232e-06     1.97852e-06      1.1232e-06     1.97852e-06     2.27349e-06     1.97852e-06
         3.19546     9.76359e-07     1.71982e-06     9.76359e-07     1.71982e-06     1.97621e-06     1.71982e-06
         3.37902      8.4816e-07     1.49397e-06      8.4816e-07     1.49397e-06     1.71668e-06     1.49397e-06
         3.57313     7.36272e-07     1.29686e-06     7.36272e-07     1.29686e-06     1.49017e-06     1.29686e-06
         3.77838     6.38647e-07     1.12487e-06     6.38647e-07     1.12487e-06     1.29254e-06     1.12487e-06
         3.99542      5.5348e-07     9.74837e-07      5.5348e-07     9.74837e-07     1.12013e-06     9.74837e-07
         4.22494     4.79197e-07     8.43975e-07     4.79197e-07     8.43975e-07     9.69748e-07     8.43975e-07
         4.46763     4.14406e-07     7.29835e-07     4.14406e-07     7.29835e-07     8.38587e-07     7.29835e-07
         4.72427     3.57891e-07     6.30275e-07     3.57891e-07     6.30275e-07     7.24178e-07     6.30275e-07
         4.99565      3.0859e-07     5.43422e-07      3.0859e-07     5.43422e-07      6.2437e-07     5.43422e-07
         5.28262     2.65567e-07      4.6763e-07     2.65567e-07      4.6763e-07     5.37273e-07      4.6763e-07
         5.58607     2.28011e-07     4.01467e-07     2.28011e-07     4.01467e-07     4.61239e-07     4.01467e-07
         5.90696     1.95202e-07     3.43666e-07     1.95202e-07     3.43666e-07     3.94814e-07     3.43666e-07
         6.24628     1.66525e-07     2.93145e-07     1.66525e-07     2.93145e-07     3.36753e-07     2.93145e-07
         6.60509     1.41438e-07     2.48947e-07     1.41438e-07     2.48947e-07     2.85959e-07     2.48947e-07
         6.98451     1.19472e-07     2.10248e-07     1.19472e-07     2.10248e-07     2.41482e-07     2.10248e-07
         7.38573     1.00223e-07     1.76336e-07     1.00223e-07     1.76336e-07     2.02507e-07     1.76336e-07
         7.80999      8.3349e-08     1.46609e-07      8.3349e-08     1.46609e-07     1.68341e-07     1.46609e-07
         8.25862     6.85563e-08     1.20549e-07     6.85563e-08     1.20549e-07      1.3839e-07     1.20549e-07
         8.73303     5.56033e-08     9.77323e-08     5.56033e-08     9.77323e-08     1.12168e-07     9.77323e-08
         9.23469     4.42947e-08     7.78156e-08     4.42947e-08     7.78156e-08       8.928e-08     7.78156e-08
         9.76517      3.4478e-08      6.0531e-08      3.4478e-08      6.0531e-08     6.94199e-08      6.0531e-08
         10.3261       2.604e-08     4.56798e-08       2.604e-08     4.56798e-08     5.23599e-08     4.56798e-08
         10.9193     1.89016e-08     3.31236e-08     1.89016e-08     3.31236e-08     3.79417e-08     3.31236e-08
         11.5465     1.30104e-08     2.27703e-08     1.30104e-08     2.27703e-08     2.60596e-08     2.27703e-08
         12.2098     8.32538e-09     1.45464e-08     8.32538e-09     1.45464e-08     1.66291e-08     1.45464e-08
         12.9112     4.80267e-09      8.3732e-09     4.80267e-09      8.3732e-09     9.55798e-09      8.3732e-09
         13.6529     2.36838e-09     4.11715e-09     2.36838e-09     4.11715e-09     4.69052e-09     4.11715e-09
         14.4371     8.96564e-10      1.5521e-09     8.96564e-10      1.5521e-09     1.76337e-09      1.5521e-09
         15.2664     1.92797e-10     3.31323e-10     1.92797e-10     3.31323e-10     3.74666e-10     3.31323e-10
         16.1434      1.7577e-12     2.82501e-12      1.7577e-12     2.82501e-12     3.07011e-12     2.82501e-12
         17.0707     4.88951e-11     8.46468e-11     4.88951e-11     8.46468e-11      9.5975e-11     8.46468e-11
         18.0514      1.1391e-10     1.94532e-10      1.1391e-10     1.94532e-10     2.18639e-10     1.94532e-10
         19.0883     9.98042e-11     1.68212e-10     9.98042e-11     1.68212e-10     1.87403e-10     1.68212e-10
         20.1848     3.78664e-11     6.25816e-11     3.78664e-11     6.25816e-11     6.88477e-11     6.25816e-11
         21.3443     1.63327e-12      2.5053e-12     1.63327e-12      2.5053e-12     2.64256e-12      2.5053e-12
         22.5704     4.88798e-12     8.16126e-12     4.88798e-12     8.16126e-12     8.94905e-12     8.16126e-12
         23.8669     7.65224e-12     1.21059e-11     7.65224e-12     1.21059e-11     1.28329e-11     1.21059e-11
         25.2379     8.16153e-13     1.14838e-12     8.16153e-13     1.14838e-12     1.12832e-12     1.14838e-12
         26.6877     9.35224e-13     1.49849e-12     9.35224e-13     1.49849e-12     1.58126e-12     1.49849e-12
         28.2207     7.11026e-13     9.66475e-13     7.11026e-13     9.66475e-13     9.17017e-13     9.66475e-13
         29.8418      1.5261e-13     2.57647e-13      1.5261e-13     2.57647e-13     2.71269e-13     2.57647e-13
         31.5561     1.62685e-13     1.85638e-13     1.62685e-13     1.85638e-13     1.50278e-13     1.85638e-13
         33.3688     1.09638e-13     1.56063e-13     1.09638e-13     1.56063e-13     1.44597e-13     1.56063e-13
         35.2856     1.26255e-15     7.41766e-15     1.26255e-15     7.41766e-15     1.13305e-14     7.41766e-15
         37.3125     1.64793e-14     1.01246e-14     1.64793e-14     1.01246e-14     3.80718e-15     1.01246e-14
         39.4559     1.98289e-14     1.59199e-14     1.98289e-14     1.59199e-14     8.12055e-15     1.59199e-14
         41.7224     1.40162e-14      1.1866e-14     1.40162e-14      1.1866e-14     5.71774e-15      1.1866e-14
         44.1191     6.11348e-15     3.87876e-15     6.11348e-15     3.87876e-15     1.15532e-15     3.87876e-15
         46.6535     1.96981e-15     3.38327e-16     1.96981e-15     3.38327e-16     4.21679e-17     3.38327e-16
         49.3334     5.57663e-17     1.00505e-15     5.57663e-17     1.00505e-15     1.28343e-15     1.00505e-15
         52.1673     9.23909e-16     6.50985e-16     9.23909e-16     6.50985e-16     7.28814e-17     6.50985e-16
          55.164     2.37662e-19     2.21069e-16     2.37662e-19     2.21069e-16     2.67064e-16     2.21069e-16
         58.3328     1.32619e-16     1.17541e-17     1.32619e-16     1.17541e-17     1.61835e-16     1.17541e-17
         61.6837      6.7253e-17      4.8515e-18      6.7253e-17      4.8515e-18     9.33757e-17      4.8515e-18
          65.227      1.0429e-17     2.06729e-17      1.0429e-17     2.06729e-17      2.2534e-17     2.06729e-17
         68.9739     1.54322e-19     1.18669e-19     1.54322e-19     1.18669e-19     3.36131e-17     1.18669e-19
          72.936     1.02067e-18     9.20103e-18     1.02067e-18     9.20103e-18     1.22191e-18     9.20103e-18
         77.1258     2.08751e-21     8.61463e-19     2.08751e-21     8.61463e-19     3.40815e-18     8.61463e-19
         81.5561     5.92031e-19     2.95259e-19     5.92031e-19     2.95259e-19     1.00735e-17     2.95259e-19
          86.241     2.16324e-18      9.5862e-19     2.16324e-18      9.5862e-19     3.49882e-18      9.5862e-19
         91.1951     1.13919e-18     6.91201e-20     1.13919e-18     6.91201e-20     3.50015e-18     6.91201e-20
         96.4336     3.62461e-19     9.30179e-20     3.62461e-19     9.30179e-20     1.65082e-18     9.30179e-20
         101.973     2.76436e-19      2.0456e-19     2.76436e-19      2.0456e-19     8.13465e-19      2.0456e-19
         107.831     3.29474e-19     4.52041e-19     3.29474e-19     4.52041e-19     5.28752e-20     4.52041e-19
         114.025     2.29776e-19     1.03533e-19     2.29776e-19     1.03533e-19     5.46704e-19     1.03533e-19
         120.575     1.68743e-19     2.08269e-19     1.68743e-19     2.08269e-19     2.70844e-19     2.08269e-19
         127.501     1.07583e-19     1.02198e-19     1.07583e-19     1.02198e-19     1.68272e-19     1.02198e-19
         134.826     1.07195e-19     1.11367e-19     1.07195e-19     1.11367e-19     6.04471e-20     1.11367e-19
          142.57      9.6701e-20     8.22378e-20      9.6701e-20     8.22378e-20     1.54994e-20     8.22378e-20
          150.76     7.73116e-20     6.98234e-20     7.73116e-20     6.98234e-20     2.84355e-21     6.98234e-20
         159.421     6.64482e-20     4.76372e-20     6.64482e-20     4.76372e-20     8.69636e-21     4.76372e-20
         168.578     5.55048e-20     3.76809e-20     5.55048e-20     3.76809e-20     6.82226e-21     3.76809e-20
         178.262     4.62096e-20     3.85934e-20     4.62096e-20     3.85934e-20     3.27481e-22     3.85934e-20
         188.502     3.83317e-20     2.60862e-20     3.83317e-20     2.60862e-20     5.26073e-21     2.60862e-20
